start
one way
15.0, 0.0, 0.0
14.0, 0.0, 0.0
13.0, 0.0, 0.0
12.0, 0.0, 0.0
11.0, 0.0, 0.0
10.0, 0.0, 0.0
9.0, 0.0, 0.0
8.0, 0.0, 0.0
7.0, 0.0, 0.0
6.0, 0.0, 0.0
5.0, 0.0, 0.0
4.0, 0.0, 0.0
3.0, 0.0, 0.0
2.0, 0.0, 0.0
1.0, 0.0, 0.0
0.0, 0.0, 0.0
end
start
one way
0.0, 0.0, 0.0
1.0, 0.0, 0.0
2.0, 0.0, 0.0
3.0, 0.0, 0.0
4.0, 0.0, 0.0
5.0, 0.0, 0.0
6.0, 0.0, 0.0
7.0, 0.0, 0.0
8.0, 0.0, 0.0
9.0, 0.0, 0.0
10.0, 0.0, 0.0
11.0, 0.0, 0.0
12.0, 0.0, 0.0
13.0, 0.0, 0.0
14.0, 0.0, 0.0
15.0, 0.0, 0.0
end
start
one way
0.0, 0.0, 0.0
0.0, 1.0, 0.0
0.0, 2.0, 0.0
0.0, 3.0, 0.0
0.0, 4.0, 0.0
0.0, 5.0, 0.0
0.0, 6.0, 0.0
0.0, 7.0, 0.0
0.0, 8.0, 0.0
0.0, 9.0, 0.0
0.0, 10.0, 0.0
0.0, 11.0, 0.0
0.0, 12.0, 0.0
0.0, 13.0, 0.0
0.0, 14.0, 0.0
0.0, 15.0, 0.0
end
start
one way
0.0, 15.0, 0.0
0.0, 14.0, 0.0
0.0, 13.0, 0.0
0.0, 12.0, 0.0
0.0, 11.0, 0.0
0.0, 10.0, 0.0
0.0, 9.0, 0.0
0.0, 8.0, 0.0
0.0, 7.0, 0.0
0.0, 6.0, 0.0
0.0, 5.0, 0.0
0.0, 4.0, 0.0
0.0, 3.0, 0.0
0.0, 2.0, 0.0
0.0, 1.0, 0.0
0.0, 0.0, 0.0
end
start
one way
2.0, 1.0, 0.0
2.0, 0.0, 0.0
2.0, 2.0, 0.0
2.0, 3.0, 0.0
2.0, 4.0, 0.0
2.0, 5.0, 0.0
2.0, 6.0, 0.0
2.0, 7.0, 0.0
2.0, 8.0, 0.0
2.0, 9.0, 0.0
2.0, 10.0, 0.0
2.0, 11.0, 0.0
2.0, 12.0, 0.0
2.0, 13.0, 0.0
2.0, 14.0, 0.0
2.0, 15.0, 0.0
end
start
one way
2.0, 15.0, 0.0
2.0, 14.0, 0.0
2.0, 13.0, 0.0
2.0, 12.0, 0.0
2.0, 11.0, 0.0
2.0, 10.0, 0.0
2.0, 9.0, 0.0
2.0, 8.0, 0.0
2.0, 7.0, 0.0
2.0, 6.0, 0.0
2.0, 5.0, 0.0
2.0, 4.0, 0.0
2.0, 3.0, 0.0
2.0, 2.0, 0.0
2.0, 0.0, 0.0
2.0, 1.0, 0.0
end
start
one way
4.0, 1.0, 0.0
4.0, 0.0, 0.0
4.0, 2.0, 0.0
4.0, 3.0, 0.0
4.0, 4.0, 0.0
4.0, 5.0, 0.0
4.0, 6.0, 0.0
4.0, 7.0, 0.0
4.0, 8.0, 0.0
4.0, 9.0, 0.0
4.0, 10.0, 0.0
4.0, 11.0, 0.0
4.0, 12.0, 0.0
4.0, 13.0, 0.0
4.0, 14.0, 0.0
4.0, 15.0, 0.0
end
start
one way
4.0, 15.0, 0.0
4.0, 14.0, 0.0
4.0, 13.0, 0.0
4.0, 12.0, 0.0
4.0, 11.0, 0.0
4.0, 10.0, 0.0
4.0, 9.0, 0.0
4.0, 8.0, 0.0
4.0, 7.0, 0.0
4.0, 6.0, 0.0
4.0, 5.0, 0.0
4.0, 4.0, 0.0
4.0, 3.0, 0.0
4.0, 2.0, 0.0
4.0, 0.0, 0.0
4.0, 1.0, 0.0
end
start
one way
6.0, 1.0, 0.0
6.0, 0.0, 0.0
6.0, 2.0, 0.0
6.0, 3.0, 0.0
6.0, 4.0, 0.0
6.0, 5.0, 0.0
6.0, 6.0, 0.0
6.0, 7.0, 0.0
6.0, 8.0, 0.0
6.0, 9.0, 0.0
6.0, 10.0, 0.0
6.0, 11.0, 0.0
6.0, 12.0, 0.0
6.0, 13.0, 0.0
6.0, 14.0, 0.0
6.0, 15.0, 0.0
end
start
one way
6.0, 15.0, 0.0
6.0, 14.0, 0.0
6.0, 13.0, 0.0
6.0, 12.0, 0.0
6.0, 11.0, 0.0
6.0, 10.0, 0.0
6.0, 9.0, 0.0
6.0, 8.0, 0.0
6.0, 7.0, 0.0
6.0, 6.0, 0.0
6.0, 5.0, 0.0
6.0, 4.0, 0.0
6.0, 3.0, 0.0
6.0, 2.0, 0.0
6.0, 0.0, 0.0
6.0, 1.0, 0.0
end
start
one way
8.0, 1.0, 0.0
8.0, 0.0, 0.0
8.0, 2.0, 0.0
8.0, 3.0, 0.0
8.0, 4.0, 0.0
8.0, 5.0, 0.0
8.0, 6.0, 0.0
8.0, 7.0, 0.0
8.0, 8.0, 0.0
8.0, 9.0, 0.0
8.0, 10.0, 0.0
8.0, 11.0, 0.0
8.0, 12.0, 0.0
8.0, 13.0, 0.0
8.0, 14.0, 0.0
8.0, 15.0, 0.0
end
start
one way
8.0, 15.0, 0.0
8.0, 14.0, 0.0
8.0, 13.0, 0.0
8.0, 12.0, 0.0
8.0, 11.0, 0.0
8.0, 10.0, 0.0
8.0, 9.0, 0.0
8.0, 8.0, 0.0
8.0, 7.0, 0.0
8.0, 6.0, 0.0
8.0, 5.0, 0.0
8.0, 4.0, 0.0
8.0, 3.0, 0.0
8.0, 2.0, 0.0
8.0, 0.0, 0.0
8.0, 1.0, 0.0
end
start
one way
10.0, 1.0, 0.0
10.0, 0.0, 0.0
10.0, 2.0, 0.0
10.0, 3.0, 0.0
10.0, 4.0, 0.0
10.0, 5.0, 0.0
10.0, 6.0, 0.0
10.0, 7.0, 0.0
10.0, 8.0, 0.0
10.0, 9.0, 0.0
10.0, 10.0, 0.0
10.0, 11.0, 0.0
10.0, 12.0, 0.0
10.0, 13.0, 0.0
10.0, 14.0, 0.0
10.0, 15.0, 0.0
end
start
one way
10.0, 15.0, 0.0
10.0, 14.0, 0.0
10.0, 13.0, 0.0
10.0, 12.0, 0.0
10.0, 11.0, 0.0
10.0, 10.0, 0.0
10.0, 9.0, 0.0
10.0, 8.0, 0.0
10.0, 7.0, 0.0
10.0, 6.0, 0.0
10.0, 5.0, 0.0
10.0, 4.0, 0.0
10.0, 3.0, 0.0
10.0, 2.0, 0.0
10.0, 0.0, 0.0
10.0, 1.0, 0.0
end
start
one way
12.0, 1.0, 0.0
12.0, 0.0, 0.0
12.0, 2.0, 0.0
12.0, 3.0, 0.0
12.0, 4.0, 0.0
12.0, 5.0, 0.0
12.0, 6.0, 0.0
12.0, 7.0, 0.0
12.0, 8.0, 0.0
12.0, 9.0, 0.0
12.0, 10.0, 0.0
12.0, 11.0, 0.0
12.0, 12.0, 0.0
12.0, 13.0, 0.0
12.0, 14.0, 0.0
12.0, 15.0, 0.0
end
start
one way
12.0, 15.0, 0.0
12.0, 14.0, 0.0
12.0, 13.0, 0.0
12.0, 12.0, 0.0
12.0, 11.0, 0.0
12.0, 10.0, 0.0
12.0, 9.0, 0.0
12.0, 8.0, 0.0
12.0, 7.0, 0.0
12.0, 6.0, 0.0
12.0, 5.0, 0.0
12.0, 4.0, 0.0
12.0, 3.0, 0.0
12.0, 2.0, 0.0
12.0, 0.0, 0.0
12.0, 1.0, 0.0
end
start
one way
15.0, 1.0, 0.0
15.0, 0.0, 0.0
15.0, 2.0, 0.0
15.0, 3.0, 0.0
15.0, 4.0, 0.0
15.0, 5.0, 0.0
15.0, 6.0, 0.0
15.0, 7.0, 0.0
15.0, 8.0, 0.0
15.0, 9.0, 0.0
15.0, 10.0, 0.0
15.0, 11.0, 0.0
15.0, 12.0, 0.0
15.0, 13.0, 0.0
15.0, 14.0, 0.0
15.0, 15.0, 0.0
end
start
one way
15.0, 15.0, 0.0
15.0, 14.0, 0.0
15.0, 13.0, 0.0
15.0, 12.0, 0.0
15.0, 11.0, 0.0
15.0, 10.0, 0.0
15.0, 9.0, 0.0
15.0, 8.0, 0.0
15.0, 7.0, 0.0
15.0, 6.0, 0.0
15.0, 5.0, 0.0
15.0, 4.0, 0.0
15.0, 3.0, 0.0
15.0, 2.0, 0.0
15.0, 0.0, 0.0
15.0, 1.0, 0.0
end
start
one way
15.0, 3.0, 0.0
14.0, 3.0, 0.0
13.0, 3.0, 0.0
12.0, 3.0, 0.0
11.0, 3.0, 0.0
10.0, 3.0, 0.0
9.0, 3.0, 0.0
8.0, 3.0, 0.0
7.0, 3.0, 0.0
6.0, 3.0, 0.0
5.0, 3.0, 0.0
4.0, 3.0, 0.0
3.0, 3.0, 0.0
2.0, 3.0, 0.0
end
start
one way
2.0, 3.0, 0.0
3.0, 3.0, 0.0
4.0, 3.0, 0.0
5.0, 3.0, 0.0
6.0, 3.0, 0.0
7.0, 3.0, 0.0
8.0, 3.0, 0.0
9.0, 3.0, 0.0
10.0, 3.0, 0.0
11.0, 3.0, 0.0
12.0, 3.0, 0.0
13.0, 3.0, 0.0
14.0, 3.0, 0.0
15.0, 3.0, 0.0
end
start
one way
10.0, 6.0, 0.0
9.0, 6.0, 0.0
8.0, 6.0, 0.0
7.0, 6.0, 0.0
6.0, 6.0, 0.0
end
start
one way
6.0, 6.0, 0.0
7.0, 6.0, 0.0
8.0, 6.0, 0.0
9.0, 6.0, 0.0
10.0, 6.0, 0.0
end
start
one way
12.0, 7.0, 0.0
11.0, 7.0, 0.0
10.0, 7.0, 0.0
end
start
one way
10.0, 7.0, 0.0
11.0, 7.0, 0.0
12.0, 7.0, 0.0
end
start
one way
15.0, 8.0, 0.0
14.0, 8.0, 0.0
13.0, 8.0, 0.0
12.0, 8.0, 0.0
end
start
one way
12.0, 8.0, 0.0
13.0, 8.0, 0.0
14.0, 8.0, 0.0
15.0, 8.0, 0.0
end
start
one way
12.0, 9.0, 0.0
11.0, 9.0, 0.0
10.0, 9.0, 0.0
end
start
one way
10.0, 9.0, 0.0
11.0, 9.0, 0.0
12.0, 9.0, 0.0
end
start
one way
15.0, 11.0, 0.0
14.0, 11.0, 0.0
13.0, 11.0, 0.0
12.0, 11.0, 0.0
11.0, 11.0, 0.0
10.0, 11.0, 0.0
9.0, 11.0, 0.0
8.0, 11.0, 0.0
7.0, 11.0, 0.0
6.0, 11.0, 0.0
5.0, 11.0, 0.0
4.0, 11.0, 0.0
end
start
one way
4.0, 11.0, 0.0
5.0, 11.0, 0.0
6.0, 11.0, 0.0
7.0, 11.0, 0.0
8.0, 11.0, 0.0
9.0, 11.0, 0.0
10.0, 11.0, 0.0
11.0, 11.0, 0.0
12.0, 11.0, 0.0
13.0, 11.0, 0.0
14.0, 11.0, 0.0
15.0, 11.0, 0.0
end
start
one way
15.0, 15.0, 0.0
14.0, 15.0, 0.0
13.0, 15.0, 0.0
12.0, 15.0, 0.0
11.0, 15.0, 0.0
10.0, 15.0, 0.0
9.0, 15.0, 0.0
8.0, 15.0, 0.0
7.0, 15.0, 0.0
6.0, 15.0, 0.0
5.0, 15.0, 0.0
4.0, 15.0, 0.0
3.0, 15.0, 0.0
2.0, 15.0, 0.0
1.0, 15.0, 0.0
0.0, 15.0, 0.0
end
start
one way
0.0, 15.0, 0.0
1.0, 15.0, 0.0
2.0, 15.0, 0.0
3.0, 15.0, 0.0
4.0, 15.0, 0.0
5.0, 15.0, 0.0
6.0, 15.0, 0.0
7.0, 15.0, 0.0
8.0, 15.0, 0.0
9.0, 15.0, 0.0
10.0, 15.0, 0.0
11.0, 15.0, 0.0
12.0, 15.0, 0.0
13.0, 15.0, 0.0
14.0, 15.0, 0.0
15.0, 15.0, 0.0
end
